2770
3410
34670
13480
22330
4170
9680
9820
38440
300
8430
30250
13550
3210
29230
6240
15950
43480
14510
7110
6530
11730
49940
30370
33740
42520
3150
16650
13080
1660
4300
19140
47530
2240
32400
8690
21590
1290
11890
5850
27070
6900
33760
20500
10830
16130
5210
33510
17880
39840
31510
700
17100
31500
31220
13330
41820
1300
39620
19870
37720
40490
44780
18730
6430
29000
5130
0
2680
7830
7110
25450
37320
410
5160
26260
18070
28950
2830
30510
11850
27970
17100
45220
3070
36390
2940
10000
37070
33430
0
7810
17300
12370
12760
8600
32630
43950
29370
3100
8760
37320
7370
7280
35810
21400
40960
3090
12940
6920
5090
340
31280
27800
5660
4950
6020
1930
10620
26960
50890
1300
32750
20140
12380
5540
8350
2290
20800
31520
18970
13370
32300
20880
1210
8830
9530
54000
18450
23970
31080
27450
7950
1960
45780
19760
1320
47310
7070
4880
22460
23620
36900
11260
42010
15420
19560
18880
37910
3090
3620
6010
17880
1050
26320
31710
34310
8090
32970
700
53830
17910
17010
4820
6090
35660
15410
14800
29490
23210
18830
24510
31030
54820
3480
3850
2210
8490
850
14020
14920
4080
23400
720
31270
20990
3960
16310
16000
46190
5090
39820
23650
4030
18350
7250
3030
19090
1500
15510
8720
12250
9090
43660
25360
11390
39590
10250
18640
30510
10810
44280
16470
11390
32680
27460
40030
7410
12320
5850
5800
36470
32060
31770
23380
31580
2090
38730
13320
19000
30250
44030
220
19980
10190
38650
11000
21440
26660
16820
34960
10490
26350
18010
24030
15320
19210
26070
2580
4690
10390
17910
12070
17320
27780
16650
2780
3260
11730
6860
24440
11440
16260
21880
11880
18400
35440
41540
3170
3850
33740
2630
19090
16100
25040
16530
22560
27590
5130
6930
7900
11660
33440
6140
19710
19970
36370
31470
37570
17760
46080
9300
9650
2230
4290
47980
2150
32350
49460
13480
19510
8520
2180
11820
7360
15580
32670
20330
22570
9900
1420
14120
43150
38440
21580
390
42880
10730
28330
2930
730
34960
1150
13170
30480
12940
41820
3340
22440
1720
33830
31270
26530
10830
1380
34340
2500
9450
42520
15030
3860
1650
36270
44030
9710
2630
3940
11790
31690
29230
9940
23930
32200
8920
12450
9530
33990
37270
7600
5340
750
12690
12710
290
10520
27630
6010
7050
12230
20100
10560
10990
18390
27380
28470
1350
35900
34610
42820
27750
4000
18690
15800
430
25830
23630
8290
26390
6270
18220
23450
47750
14850
48970
13800
5710
27280
36280
880
1630
39350
12050
30400
38990
25980
22180
30610
8920
17820
13710
27330
35830
22700
9560
10910
41780
24710
31280
1060
31930
2200
19510
14980
6390
18990
29780
10340
12230
16070
1710
23460
5200
19730
4320
8810
27040
26310
14210
38430
7710
3910
2510
44090
32900
4700
12610
23570
18470
13220
6630
23840
17800
43490
15190
32370
8000
15450
25100
19220
24100
37690
21550
20850
18020
17050
10520
20060
26980
4650
3390
9490
33990
780
3870
7700
39670
15530
3630
4460
31810
5320
11130
16500
4850
15430
870
4590
35330
12250
11420
520
420
33570
36260
33030
31190
18370
4000
430
39410
47890
24890
29040
28400
860
1440
5390
11410
16530
18970
680
2010
660
4700
28990
34890
24030
29580
26790
19670
17330
43930
8680
20490
21410
1740
1530
29390
16310
24510
18850
14110
4440
36970
20020
10790
27270
15810
8680
22750
5100
24010
41850
5040
7080
27740
25350
33030
49290
15210
8220
14510
22890
13370
3810
14430
20100
30370
3920
18660
26330
6420
6000
19050
4180
1760
24470
19170
24000
15060
1290
10510
280
2010
190
23460
5160
33170
41880
37310
11950
43600
1500
1920
32640
12740
31500
4360
7850
16080
810
14200
27310
31640
11360
8090
7550
26800
20140
14810
8960
22460
34540
22090
18710
39120
18350
41620
5720
53510
31300
21530
13850
39010
6320
420
9020
27410
37770
21020
34160
13940
14260
2850
10770
5730
1210
11210
26980
4900
47930
42110
36930
37710
19670
17530
9820
15460
11470
14530
17080
3670
30020
80
6320
35470
370
4080
6610
37620
20890
6030
6340
34200
18310
7140
21840
27120
14670
25010
3280
24150
6740
30600
15670
7150
8500
6940
25710
970
21880
24110
28380
44150
1690
29030
1740
20620
28760
19780
26660
19740
3290
16530
510
41740
23660
3550
34930
16740
22380
6380
18940
4220
30420
25320
23190
6520
10790
11390
12090
1060
42830
4510
18500
1490
49910
8350
9770
2360
8920
15060
5950
22300
34280
19500
17030
16400
34160
47690
8270
6820
6650
9530
15860
44500
8810
17580
1890
24020
40050
9340
44240
8030
15100
22090
5320
19170
21810
12360
6400
800
39560
25620
33620
33240
5390
39850
39600
13080
5210
21020
36290
35100
14260
2800
33260
38250
5860
14930
740
3240
6760
36790
4820
31540
5910
780
8380
7360
12700
5080
16760
8690
26710
4390
29340
13670
21760
19850
22930
26980
24180
16830
2520
28840
14350
6070
2180
7530
24370
34450
5490
2630
25830
34490
12120
12620
17140
20810
33000
53510
24240
39690
24250
32570
23200
850
11950
18730
23820
1820
15510
20830
5330
29920
26310
7690
19450
22140
6390
10240
29910
50550
38860
24470
38530
18240
50380
14630
12870
34750
12980
9880
25860
11200
9120
8770
36940
44380
39580
3380
21750
26810
3110
1850
17350
6540
13120
1380
960
6650
17630
35720
47450
2370
10450
45550
410
32590
8350
33930
46320
39570
19930
35620
41030
2990
20260
1210
38000
11280
0
16290
28360
22600
740
50
14000
30690
22560
29240
13490
15930
2570
51810
11430
7270
2950
22540
19280
18260
600
28750
15230
18970
2540
22980
23980
15060
3150
18360
3840
19590
50000
27750
6760
7560
1660
7990
50510
22780
32440
9940
3470
30420
2420
41420
2740
4550
750
24140
26600
14280
13930
2560
9530
41930
1570
19920
23110
3990
15050
31420
1060
4980
40480
3670
3670
1980
32440
30330
32280
6150
30680
21450
35720
41010
9520
13040
44200
2160
16710
26360
26620
37920
19950
11670
32200
35950
24470
26620
10410
12960
9730
2940
4470
1720
33960
31220
25930
2980
30450
4800
16400
3130
6530
21970
42770
16290
13490
710
1180
24950
13630
18800
4910
19460
7640
32320
